Frequency (Hz)	Level (dB)
21.533203	-38.938046
43.066406	-40.418259
64.599609	-40.340107
86.132813	-40.287506
107.666016	-39.575680
129.199219	-40.062077
150.732422	-40.034164
172.265625	-39.749878
193.798828	-39.247326
215.332031	-38.068825
236.865234	-37.557999
258.398438	-38.655693
279.931641	-37.954014
301.464844	-35.868015
322.998047	-29.514578
344.531250	-12.334926
366.064453	-8.222442
387.597656	-15.200122
409.130859	-30.718193
430.664063	-33.814487
452.197266	-34.860371
473.730469	-36.125191
495.263672	-35.503948
516.796875	-34.791592
538.330078	-34.404148
559.863281	-33.484180
581.396484	-33.123173
602.929688	-32.787624
624.462891	-32.280563
645.996094	-30.642233
667.529297	-29.643976
689.062500	-22.942860
710.595703	-10.306857
732.128906	-8.395247
753.662109	-16.173851
775.195313	-27.683018
796.728516	-29.256695
818.261719	-29.738274
839.794922	-28.673370
861.328125	-28.043385
882.861328	-28.506809
904.394531	-27.620771
925.927734	-26.646009
947.460938	-27.520475
968.994141	-27.277515
990.527344	-27.237806
1012.060547	-27.069817
1033.593750	-25.942127
1055.126953	-17.376331
1076.660156	-9.830858
1098.193359	-11.166467
1119.726563	-18.491661
1141.259766	-24.600599
1162.792969	-24.613228
1184.326172	-24.539440
1205.859375	-24.156281
1227.392578	-24.342518
1248.925781	-24.355694
1270.458984	-23.769234
1291.992188	-23.653736
1313.525391	-23.141109
1335.058594	-23.314760
1356.591797	-24.269503
1378.125000	-24.636280
1399.658203	-21.645506
1421.191406	-15.809425
1442.724609	-11.116112
1464.257813	-11.789292
1485.791016	-16.966619
1507.324219	-22.587286
1528.857422	-24.311234
1550.390625	-23.834970
1571.923828	-22.360498
1593.457031	-22.338842
1614.990234	-22.636518
1636.523438	-22.060030
1658.056641	-22.174074
1679.589844	-22.387695
1701.123047	-22.474669
1722.656250	-22.550501
1744.189453	-23.037477
1765.722656	-21.634142
1787.255859	-16.894339
1808.789063	-16.372910
1830.322266	-19.264864
1851.855469	-23.267340
1873.388672	-24.481245
1894.921875	-24.103176
1916.455078	-23.221182
1937.988281	-21.952343
1959.521484	-22.814001
1981.054688	-23.666334
2002.587891	-22.995804
2024.121094	-21.941769
2045.654297	-21.795061
2067.187500	-21.976608
2088.720703	-20.565256
2110.253906	-20.204905
2131.787109	-19.074265
2153.320313	-15.817283
2174.853516	-17.970423
2196.386719	-19.424507
2217.919922	-20.241060
2239.453125	-22.225361
2260.986328	-23.786421
2282.519531	-24.399805
2304.052734	-25.756475
2325.585938	-26.014267
2347.119141	-27.642292
2368.652344	-27.845963
2390.185547	-27.840273
2411.718750	-25.843996
2433.251953	-24.530813
2454.785156	-23.857866
2476.318359	-24.195278
2497.851563	-21.782532
2519.384766	-18.169106
2540.917969	-18.072374
2562.451172	-19.540516
2583.984375	-23.367010
2605.517578	-26.023996
2627.050781	-28.042212
2648.583984	-28.272480
2670.117188	-28.746792
2691.650391	-26.328745
2713.183594	-24.406355
2734.716797	-23.927795
2756.250000	-23.776693
2777.783203	-23.241056
2799.316406	-22.419041
2820.849609	-21.847586
2842.382813	-22.453941
2863.916016	-18.500650
2885.449219	-16.109137
2906.982422	-16.248751
2928.515625	-16.951233
2950.048828	-17.388357
2971.582031	-18.931044
2993.115234	-20.239065
3014.648438	-19.636013
3036.181641	-19.600807
3057.714844	-19.370745
3079.248047	-20.023750
3100.781250	-19.793997
3122.314453	-19.736357
3143.847656	-21.887213
3165.380859	-20.759148
3186.914063	-20.547909
3208.447266	-21.086130
3229.980469	-18.621267
3251.513672	-17.698198
3273.046875	-18.058880
3294.580078	-18.831604
3316.113281	-20.411762
3337.646484	-23.681780
3359.179688	-26.023344
3380.712891	-24.565144
3402.246094	-24.890230
3423.779297	-25.794537
3445.312500	-25.040194
3466.845703	-25.009716
3488.378906	-24.614294
3509.912109	-24.631308
3531.445313	-24.988817
3552.978516	-23.982084
3574.511719	-24.626717
3596.044922	-24.785669
3617.578125	-23.493467
3639.111328	-24.200169
3660.644531	-25.577974
3682.177734	-27.934696
3703.710938	-26.426336
3725.244141	-26.645023
3746.777344	-27.281351
3768.310547	-28.705139
3789.843750	-27.448519
3811.376953	-25.434921
3832.910156	-25.595791
3854.443359	-26.210770
3875.976563	-23.960718
3897.509766	-22.831907
3919.042969	-22.510796
3940.576172	-22.471548
3962.109375	-22.445103
3983.642578	-22.772703
4005.175781	-22.670277
4026.708984	-22.753687
4048.242188	-21.515282
4069.775391	-20.935904
4091.308594	-21.929480
4112.841797	-21.951836
4134.375000	-21.009371
4155.908203	-21.866558
4177.441406	-22.037533
4198.974609	-21.441397
4220.507813	-22.023420
4242.041016	-22.151331
4263.574219	-21.711727
4285.107422	-21.325230
4306.640625	-21.336641
4328.173828	-21.891068
4349.707031	-21.983782
4371.240234	-21.782429
4392.773438	-22.278551
4414.306641	-22.741688
4435.839844	-23.164717
4457.373047	-23.361614
4478.906250	-23.259235
4500.439453	-23.578737
4521.972656	-24.379284
4543.505859	-24.935144
4565.039063	-25.670628
4586.572266	-26.215353
4608.105469	-26.330257
4629.638672	-25.509924
4651.171875	-24.946218
4672.705078	-25.246437
4694.238281	-25.131338
4715.771484	-24.705879
4737.304688	-25.479906
4758.837891	-25.470669
4780.371094	-24.789625
4801.904297	-25.919741
4823.437500	-26.544121
4844.970703	-25.725164
4866.503906	-25.272839
4888.037109	-25.478415
4909.570313	-25.894299
4931.103516	-26.256987
4952.636719	-26.158838
4974.169922	-26.855991
4995.703125	-26.753939
5017.236328	-26.427425
5038.769531	-25.659054
5060.302734	-25.880291
5081.835938	-25.657965
5103.369141	-25.648764
5124.902344	-26.690224
5146.435547	-27.177402
5167.968750	-27.098791
5189.501953	-27.441177
5211.035156	-27.225431
5232.568359	-27.119633
5254.101563	-27.569273
5275.634766	-27.385618
5297.167969	-26.845150
5318.701172	-26.372013
5340.234375	-25.682264
5361.767578	-24.694538
5383.300781	-23.378456
5404.833984	-22.392778
5426.367188	-22.085758
5447.900391	-22.062178
5469.433594	-21.696535
5490.966797	-21.941889
5512.500000	-22.697460
5534.033203	-23.580606
5555.566406	-23.248119
5577.099609	-23.284025
5598.632813	-23.623823
5620.166016	-23.444540
5641.699219	-22.886766
5663.232422	-22.673645
5684.765625	-23.151775
5706.298828	-22.859070
5727.832031	-22.597822
5749.365234	-22.719002
5770.898438	-22.794222
5792.431641	-22.725710
5813.964844	-22.941206
5835.498047	-24.222759
5857.031250	-25.321535
5878.564453	-25.827679
5900.097656	-26.444077
5921.630859	-26.707851
5943.164063	-27.245146
5964.697266	-27.578737
5986.230469	-27.220606
6007.763672	-27.168062
6029.296875	-27.375566
6050.830078	-28.067326
6072.363281	-28.348124
6093.896484	-27.695683
6115.429688	-27.262663
6136.962891	-27.380217
6158.496094	-27.372194
6180.029297	-27.502329
6201.562500	-28.025311
6223.095703	-28.295319
6244.628906	-27.625965
6266.162109	-27.044888
6287.695313	-26.381897
6309.228516	-25.380943
6330.761719	-24.993088
6352.294922	-24.759251
6373.828125	-23.521231
6395.361328	-23.593796
6416.894531	-23.621277
6438.427734	-22.746710
6459.960938	-22.898157
6481.494141	-22.104334
6503.027344	-21.263870
6524.560547	-21.775808
6546.093750	-22.348362
6567.626953	-22.739069
6589.160156	-23.210529
6610.693359	-23.069859
6632.226563	-22.750536
6653.759766	-22.507616
6675.292969	-22.837559
6696.826172	-23.362694
6718.359375	-23.760174
6739.892578	-24.230892
6761.425781	-23.503052
6782.958984	-23.230295
6804.492188	-23.683710
6826.025391	-23.731451
6847.558594	-23.587172
6869.091797	-23.000164
6890.625000	-23.514362
6912.158203	-24.203222
6933.691406	-24.203703
6955.224609	-23.894459
6976.757813	-23.850380
6998.291016	-23.745766
7019.824219	-23.404530
7041.357422	-23.949272
7062.890625	-24.044744
7084.423828	-24.010700
7105.957031	-23.878487
7127.490234	-23.225533
7149.023438	-23.135241
7170.556641	-23.419771
7192.089844	-23.846663
7213.623047	-23.557013
7235.156250	-23.764097
7256.689453	-23.842249
7278.222656	-23.930738
7299.755859	-24.424713
7321.289063	-24.371513
7342.822266	-24.169931
7364.355469	-24.180256
7385.888672	-24.398355
7407.421875	-24.483986
7428.955078	-24.304873
7450.488281	-24.480862
7472.021484	-24.692663
7493.554688	-24.589483
7515.087891	-24.777308
7536.621094	-25.540586
7558.154297	-25.827988
7579.687500	-25.726461
7601.220703	-24.890482
7622.753906	-25.488735
7644.287109	-25.740366
7665.820313	-25.295851
7687.353516	-25.098631
7708.886719	-25.596769
7730.419922	-26.262983
7751.953125	-26.572315
7773.486328	-27.470570
7795.019531	-28.089457
7816.552734	-28.069382
7838.085938	-28.555155
7859.619141	-28.089106
7881.152344	-27.978985
7902.685547	-27.860497
7924.218750	-26.874439
7945.751953	-27.480005
7967.285156	-27.535435
7988.818359	-26.860445
8010.351563	-26.607353
8031.884766	-26.771212
8053.417969	-26.426750
8074.951172	-26.336473
8096.484375	-26.617413
8118.017578	-26.804298
8139.550781	-27.309549
8161.083984	-26.931885
8182.617188	-27.011686
8204.150391	-26.643204
8225.683594	-26.625322
8247.216797	-26.933584
8268.750000	-26.742163
8290.283203	-26.889816
8311.816406	-26.703796
8333.349609	-27.068836
8354.882813	-27.368206
8376.416016	-27.170298
8397.949219	-27.649702
8419.482422	-28.011665
8441.015625	-28.510563
8462.548828	-28.789001
8484.082031	-28.487894
8505.615234	-28.445053
8527.148438	-28.694733
8548.681641	-28.348431
8570.214844	-28.287807
8591.748047	-29.081816
8613.281250	-29.208942
8634.814453	-28.488626
8656.347656	-29.008858
8677.880859	-28.945753
8699.414063	-28.308409
8720.947266	-28.442389
8742.480469	-28.423311
8764.013672	-27.926256
8785.546875	-28.439569
8807.080078	-28.567545
8828.613281	-29.107420
8850.146484	-28.798601
8871.679688	-28.886898
8893.212891	-29.926792
8914.746094	-30.250862
8936.279297	-30.817438
8957.812500	-31.459122
8979.345703	-31.236921
9000.878906	-31.695475
9022.412109	-31.933432
9043.945313	-32.198078
9065.478516	-32.356049
9087.011719	-32.037575
9108.544922	-32.095425
9130.078125	-32.718071
9151.611328	-31.897171
9173.144531	-32.014675
9194.677734	-32.786293
9216.210938	-31.420017
9237.744141	-30.945826
9259.277344	-31.743164
9280.810547	-31.370783
9302.343750	-30.929605
9323.876953	-31.181528
9345.410156	-31.311403
9366.943359	-31.552719
9388.476563	-31.549376
9410.009766	-31.792418
9431.542969	-32.524151
9453.076172	-32.149277
9474.609375	-31.659819
9496.142578	-32.080502
9517.675781	-32.422028
9539.208984	-32.588242
9560.742188	-32.722385
9582.275391	-32.195526
9603.808594	-32.503696
9625.341797	-32.022118
9646.875000	-31.395443
9668.408203	-31.024618
9689.941406	-31.291517
9711.474609	-31.367496
9733.007813	-30.786177
9754.541016	-30.463383
9776.074219	-31.252502
9797.607422	-30.852646
9819.140625	-30.021296
9840.673828	-30.529287
9862.207031	-30.403870
9883.740234	-30.503210
9905.273438	-30.813904
9926.806641	-30.730598
9948.339844	-31.265839
9969.873047	-31.680592
9991.406250	-31.911861
10012.939453	-31.958549
10034.472656	-32.182796
10056.005859	-32.796837
10077.539063	-33.113247
10099.072266	-33.109859
10120.605469	-33.355503
10142.138672	-33.735855
10163.671875	-33.991238
10185.205078	-34.490543
10206.738281	-34.262596
10228.271484	-34.534870
10249.804688	-34.823650
10271.337891	-34.214333
10292.871094	-33.415642
10314.404297	-33.603874
10335.937500	-33.245880
10357.470703	-33.000774
10379.003906	-32.559624
10400.537109	-32.137985
10422.070313	-32.443977
10443.603516	-32.671135
10465.136719	-32.962795
10486.669922	-33.401699
10508.203125	-33.152275
10529.736328	-32.769016
10551.269531	-33.112518
10572.802734	-33.902298
10594.335938	-33.684296
10615.869141	-33.063400
10637.402344	-33.285168
10658.935547	-33.775906
10680.468750	-33.151207
10702.001953	-33.218380
10723.535156	-33.404079
10745.068359	-33.025024
10766.601563	-32.873558
10788.134766	-33.083523
10809.667969	-33.267139
10831.201172	-32.989170
10852.734375	-32.922077
10874.267578	-32.618809
10895.800781	-32.914307
10917.333984	-32.915421
10938.867188	-33.122799
10960.400391	-33.485531
10981.933594	-33.455051
11003.466797	-33.184395
11025.000000	-33.815666
11046.533203	-33.587246
11068.066406	-33.209579
11089.599609	-33.984089
11111.132813	-34.061687
11132.666016	-33.824135
11154.199219	-34.275936
11175.732422	-34.936779
11197.265625	-34.787632
11218.798828	-34.956337
11240.332031	-35.211948
11261.865234	-35.143959
11283.398438	-35.320992
11304.931641	-34.523766
11326.464844	-34.022175
11347.998047	-34.030720
11369.531250	-34.130306
11391.064453	-33.746014
11412.597656	-33.720818
11434.130859	-33.572979
11455.664063	-32.975220
11477.197266	-32.747063
11498.730469	-32.787189
11520.263672	-33.131161
11541.796875	-32.578403
11563.330078	-32.292454
11584.863281	-32.110020
11606.396484	-31.894562
11627.929688	-32.241158
11649.462891	-31.802919
11670.996094	-31.531410
11692.529297	-31.422966
11714.062500	-31.591848
11735.595703	-31.935719
11757.128906	-31.923258
11778.662109	-31.642553
11800.195313	-31.413385
11821.728516	-31.239683
11843.261719	-31.283892
11864.794922	-31.278025
11886.328125	-30.538910
11907.861328	-30.330307
11929.394531	-30.525043
11950.927734	-30.546442
11972.460938	-30.142929
11993.994141	-30.347492
12015.527344	-29.701176
12037.060547	-29.497694
12058.593750	-29.457438
12080.126953	-29.753382
12101.660156	-29.915926
12123.193359	-29.880165
12144.726563	-29.993433
12166.259766	-30.510967
12187.792969	-30.466024
12209.326172	-30.468655
12230.859375	-31.110081
12252.392578	-31.030178
12273.925781	-30.628353
12295.458984	-30.824865
12316.992188	-31.218225
12338.525391	-31.015991
12360.058594	-31.207640
12381.591797	-31.960291
12403.125000	-31.513086
12424.658203	-31.522028
12446.191406	-31.750475
12467.724609	-31.659975
12489.257813	-31.906511
12510.791016	-32.125961
12532.324219	-31.843502
12553.857422	-31.977390
12575.390625	-32.094875
12596.923828	-32.171997
12618.457031	-31.394882
12639.990234	-32.174850
12661.523438	-32.439205
12683.056641	-32.058266
12704.589844	-32.215714
12726.123047	-32.593445
12747.656250	-31.827358
12769.189453	-31.861191
12790.722656	-32.000095
12812.255859	-32.282127
12833.789063	-32.553131
12855.322266	-32.546108
12876.855469	-32.561905
12898.388672	-32.813492
12919.921875	-33.133556
12941.455078	-33.275543
12962.988281	-32.730835
12984.521484	-32.826134
13006.054688	-33.143387
13027.587891	-33.642014
13049.121094	-33.624043
13070.654297	-33.603611
13092.187500	-33.234604
13113.720703	-32.821022
13135.253906	-33.003963
13156.787109	-32.850410
13178.320313	-32.304119
13199.853516	-32.445507
13221.386719	-32.387791
13242.919922	-32.521973
13264.453125	-33.006096
13285.986328	-33.485439
13307.519531	-33.240845
13329.052734	-33.094666
13350.585938	-33.226200
13372.119141	-33.161407
13393.652344	-33.183949
13415.185547	-33.234974
13436.718750	-33.102951
13458.251953	-33.341873
13479.785156	-33.395908
13501.318359	-33.459393
13522.851563	-33.562809
13544.384766	-33.019966
13565.917969	-33.230892
13587.451172	-33.603264
13608.984375	-33.655087
13630.517578	-34.541615
13652.050781	-33.854664
13673.583984	-33.040909
13695.117188	-33.096096
13716.650391	-34.028210
13738.183594	-33.663906
13759.716797	-34.117260
13781.250000	-34.084812
13802.783203	-33.853062
13824.316406	-34.546188
13845.849609	-34.769798
13867.382813	-35.635948
13888.916016	-36.563381
13910.449219	-36.418865
13931.982422	-37.110859
13953.515625	-37.072155
13975.048828	-36.896133
13996.582031	-37.535702
14018.115234	-37.588020
14039.648438	-36.040077
14061.181641	-36.030422
14082.714844	-36.668751
14104.248047	-37.200848
14125.781250	-37.639526
14147.314453	-36.417694
14168.847656	-36.023460
14190.380859	-36.449947
14211.914063	-36.461433
14233.447266	-36.517719
14254.980469	-36.841541
14276.513672	-36.489529
14298.046875	-36.216457
14319.580078	-36.297974
14341.113281	-37.069775
14362.646484	-37.640404
14384.179688	-38.131748
14405.712891	-37.526466
14427.246094	-37.942867
14448.779297	-38.164970
14470.312500	-36.790237
14491.845703	-36.172466
14513.378906	-35.780857
14534.912109	-36.289028
14556.445313	-36.320023
14577.978516	-35.257206
14599.511719	-34.477196
14621.044922	-35.055779
14642.578125	-35.563217
14664.111328	-35.888931
14685.644531	-35.788139
14707.177734	-36.667679
14728.710938	-36.765682
14750.244141	-36.391277
14771.777344	-36.429554
14793.310547	-36.771046
14814.843750	-37.041599
14836.376953	-36.422722
14857.910156	-36.425549
14879.443359	-36.788479
14900.976563	-37.190910
14922.509766	-36.457584
14944.042969	-36.454597
14965.576172	-36.272350
14987.109375	-36.662300
15008.642578	-38.221272
15030.175781	-37.704529
15051.708984	-37.472427
15073.242188	-37.945999
15094.775391	-37.869884
15116.308594	-37.655651
15137.841797	-37.508835
15159.375000	-37.104504
15180.908203	-36.659252
15202.441406	-37.242466
15223.974609	-37.528431
15245.507813	-37.921368
15267.041016	-38.911575
15288.574219	-38.376217
15310.107422	-37.993828
15331.640625	-37.535755
15353.173828	-37.239288
15374.707031	-37.802761
15396.240234	-38.183281
15417.773438	-37.869751
15439.306641	-37.037376
15460.839844	-37.485062
15482.373047	-38.666603
15503.906250	-38.228844
15525.439453	-36.738354
15546.972656	-36.269497
15568.505859	-36.605896
15590.039063	-36.180695
15611.572266	-35.803013
15633.105469	-35.610859
15654.638672	-34.222862
15676.171875	-34.039536
15697.705078	-35.020084
15719.238281	-34.638920
15740.771484	-34.392506
15762.304688	-35.052490
15783.837891	-35.292526
15805.371094	-34.953903
15826.904297	-34.536591
15848.437500	-34.497181
15869.970703	-34.325001
15891.503906	-34.164883
15913.037109	-34.424118
15934.570313	-34.797665
15956.103516	-34.699158
15977.636719	-34.075279
15999.169922	-34.167995
16020.703125	-34.571823
16042.236328	-34.998451
16063.769531	-35.107460
16085.302734	-35.149391
16106.835938	-34.162189
16128.369141	-33.613129
16149.902344	-33.503998
16171.435547	-32.496403
16192.968750	-32.130852
16214.501953	-31.889479
16236.035156	-31.935308
16257.568359	-31.804195
16279.101563	-31.823380
16300.634766	-32.007740
16322.167969	-32.440918
16343.701172	-32.338413
16365.234375	-32.245735
16386.767578	-32.711811
16408.300781	-32.924099
16429.833984	-32.742981
16451.367188	-32.765068
16472.900391	-33.308052
16494.433594	-33.248951
16515.966797	-33.204372
16537.500000	-34.030350
16559.033203	-34.474186
16580.566406	-34.737896
16602.099609	-34.483341
16623.632813	-34.778336
16645.166016	-35.120399
16666.699219	-35.289078
16688.232422	-35.248070
16709.765625	-34.995014
16731.298828	-35.257347
16752.832031	-35.557919
16774.365234	-35.262150
16795.898438	-34.722416
16817.431641	-35.103168
16838.964844	-35.209999
16860.498047	-34.539238
16882.031250	-34.903198
16903.564453	-35.214207
16925.097656	-35.131664
16946.630859	-35.677189
16968.164063	-35.407913
16989.697266	-35.123684
17011.230469	-35.972984
17032.763672	-35.576031
17054.296875	-35.928139
17075.830078	-36.686447
17097.363281	-36.369144
17118.896484	-36.155006
17140.429688	-36.733097
17161.962891	-37.959240
17183.496094	-37.939831
17205.029297	-37.716042
17226.562500	-37.046509
17248.095703	-36.869259
17269.628906	-38.009132
17291.162109	-38.564850
17312.695313	-38.392963
17334.228516	-37.999054
17355.761719	-38.166996
17377.294922	-38.384644
17398.828125	-39.013588
17420.361328	-38.886349
17441.894531	-39.246346
17463.427734	-39.083366
17484.960938	-38.778702
17506.494141	-39.274342
17528.027344	-39.382442
17549.560547	-39.141872
17571.093750	-39.126480
17592.626953	-39.475033
17614.160156	-39.930897
17635.693359	-40.069466
17657.226563	-40.206097
17678.759766	-40.711086
17700.292969	-40.299095
17721.826172	-40.584625
17743.359375	-41.452824
17764.892578	-41.282799
17786.425781	-40.907455
17807.958984	-40.492012
17829.492188	-39.933064
17851.025391	-40.206009
17872.558594	-40.281231
17894.091797	-40.402885
17915.625000	-40.503849
17937.158203	-39.915249
17958.691406	-40.721176
17980.224609	-40.491096
18001.757813	-40.043297
18023.291016	-40.301804
18044.824219	-39.814499
18066.357422	-40.237930
18087.890625	-40.345581
18109.423828	-39.575848
18130.957031	-40.122814
18152.490234	-41.059654
18174.023438	-41.962353
18195.556641	-42.344883
18217.089844	-42.281799
18238.623047	-41.898598
18260.156250	-42.360733
18281.689453	-42.247807
18303.222656	-41.619774
18324.755859	-42.073334
18346.289063	-41.623386
18367.822266	-40.432358
18389.355469	-40.791222
18410.888672	-41.081100
18432.421875	-40.775837
18453.955078	-41.191605
18475.488281	-41.678432
18497.021484	-41.185959
18518.554688	-41.494946
18540.087891	-41.986713
18561.621094	-41.930996
18583.154297	-42.318954
18604.687500	-41.666477
18626.220703	-42.207603
18647.753906	-43.240623
18669.287109	-44.036194
18690.820313	-44.463074
18712.353516	-44.501507
18733.886719	-44.336185
18755.419922	-44.986145
18776.953125	-44.487156
18798.486328	-44.229000
18820.019531	-44.391682
18841.552734	-44.365849
18863.085938	-45.207233
18884.619141	-44.361748
18906.152344	-43.706276
18927.685547	-43.585655
18949.218750	-42.997818
18970.751953	-43.429459
18992.285156	-44.080441
19013.818359	-43.045292
19035.351563	-42.267040
19056.884766	-42.499687
19078.417969	-42.366825
19099.951172	-42.456261
19121.484375	-41.737381
19143.017578	-41.366917
19164.550781	-41.285748
19186.083984	-41.424694
19207.617188	-41.806065
19229.150391	-41.644508
19250.683594	-41.680729
19272.216797	-42.286316
19293.750000	-41.405506
19315.283203	-40.529995
19336.816406	-42.187500
19358.349609	-42.623760
19379.882813	-42.490513
19401.416016	-42.732025
19422.949219	-42.174011
19444.482422	-42.439449
19466.015625	-42.673958
19487.548828	-43.118416
19509.082031	-43.581924
19530.615234	-43.172962
19552.148438	-43.020100
19573.681641	-43.576683
19595.214844	-43.287987
19616.748047	-42.784004
19638.281250	-42.808865
19659.814453	-42.589211
19681.347656	-42.409821
19702.880859	-42.530113
19724.414063	-43.288677
19745.947266	-43.185558
19767.480469	-43.650539
19789.013672	-44.315300
19810.546875	-44.302383
19832.080078	-44.011280
19853.613281	-44.905178
19875.146484	-44.808651
19896.679688	-44.928986
19918.212891	-44.778774
19939.746094	-44.009659
19961.279297	-43.188732
19982.812500	-42.367813
20004.345703	-41.886082
20025.878906	-41.944756
20047.412109	-41.801876
20068.945313	-42.113049
20090.478516	-41.823502
20112.011719	-41.450497
20133.544922	-41.017376
20155.078125	-41.918846
20176.611328	-42.043575
20198.144531	-41.698524
20219.677734	-41.276131
20241.210938	-41.514450
20262.744141	-42.794342
20284.277344	-44.207695
20305.810547	-44.608490
20327.343750	-44.500839
20348.876953	-44.052307
20370.410156	-44.017780
20391.943359	-44.613182
20413.476563	-44.770283
20435.009766	-45.477257
20456.542969	-45.980358
20478.076172	-45.099209
20499.609375	-44.605728
20521.142578	-44.530651
20542.675781	-43.746246
20564.208984	-43.867081
20585.742188	-43.238064
20607.275391	-43.001308
20628.808594	-43.238972
20650.341797	-43.575287
20671.875000	-43.253677
20693.408203	-42.805843
20714.941406	-42.525459
20736.474609	-42.568504
20758.007813	-42.719658
20779.541016	-43.324951
20801.074219	-43.576153
20822.607422	-44.339638
20844.140625	-45.264046
20865.673828	-45.341248
20887.207031	-45.885025
20908.740234	-46.237835
20930.273438	-47.069340
20951.806641	-47.947659
20973.339844	-48.034470
20994.873047	-47.124447
21016.406250	-47.539581
21037.939453	-47.754333
21059.472656	-47.432980
21081.005859	-47.462326
21102.539063	-46.970863
21124.072266	-46.970276
21145.605469	-46.698441
21167.138672	-46.679981
21188.671875	-47.114269
21210.205078	-47.336220
21231.738281	-47.075817
21253.271484	-46.787495
21274.804688	-46.874668
21296.337891	-47.113743
21317.871094	-47.754547
21339.404297	-48.247665
21360.937500	-48.483837
21382.470703	-48.593178
21404.003906	-48.901863
21425.537109	-49.092815
21447.070313	-49.306343
21468.603516	-49.561657
21490.136719	-50.229881
21511.669922	-50.891342
21533.203125	-50.801270
21554.736328	-50.987614
21576.269531	-50.464806
21597.802734	-50.577652
21619.335938	-50.361500
21640.869141	-50.748394
21662.402344	-51.312477
21683.935547	-51.558960
21705.468750	-51.364151
21727.001953	-51.440327
21748.535156	-51.832077
21770.068359	-52.036503
21791.601563	-52.528027
21813.134766	-53.125477
21834.667969	-53.488293
21856.201172	-54.079983
21877.734375	-54.246181
21899.267578	-54.427349
21920.800781	-54.895645
21942.333984	-55.204491
21963.867188	-55.504074
21985.400391	-55.362423
22006.933594	-55.557087
22028.466797	-55.447605
